1 0
2 0
3 0
4 0
5 0
6 0
1 7 0
2 8 0
9 3 0
10 4 0
11 12 0
13 14 0
15 16 0
17 18 0
19 20 0
21 22 0
23 24 0
25 26 0
27 28 0
29 30 0
31 32 0
33 34 0
-1 -7 0
-7 -1 0
-2 -8 0
-8 -2 0
-9 -3 0
-3 -9 0
-10 -4 0
-4 -10 0
-11 -12 0
-12 -11 0
-13 -14 0
-14 -13 0
-15 -16 0
-16 -15 0
-17 -18 0
-18 -17 0
-19 -20 0
-20 -19 0
-21 -22 0
-22 -21 0
-23 -24 0
-24 -23 0
-25 -26 0
-26 -25 0
-27 -28 0
-28 -27 0
-29 -30 0
-30 -29 0
-31 -32 0
-32 -31 0
-33 -34 0
-34 -33 0
35 36 0
37 38 39 0
40 41 42 0
43 44 45 46 0
47 48 49 50 0
51 52 53 0
54 55 56 0
57 58 59 60 0
61 62 63 64 0
65 66 67 0
68 69 0
70 71 72 0
73 74 75 0
76 77 0
-35 -36 0
-36 -35 0
-37 -38 0
-37 -39 0
-38 -37 0
-38 -39 0
-39 -37 0
-39 -38 0
-40 -42 0
-42 -40 0
-43 -44 0
-43 -45 0
-43 -46 0
-44 -43 0
-44 -45 0
-44 -46 0
-45 -43 0
-45 -44 0
-45 -46 0
-46 -43 0
-46 -44 0
-46 -45 0
-47 -49 0
-47 -50 0
-49 -47 0
-49 -50 0
-50 -47 0
-50 -49 0
-51 -52 0
-51 -53 0
-52 -51 0
-52 -53 0
-53 -51 0
-53 -52 0
-54 -55 0
-54 -56 0
-55 -54 0
-55 -56 0
-56 -54 0
-56 -55 0
-57 -58 0
-57 -59 0
-57 -60 0
-58 -57 0
-58 -59 0
-58 -60 0
-59 -57 0
-59 -58 0
-59 -60 0
-60 -57 0
-60 -58 0
-60 -59 0
-61 -62 0
-61 -63 0
-61 -64 0
-62 -61 0
-62 -63 0
-62 -64 0
-63 -61 0
-63 -62 0
-63 -64 0
-64 -61 0
-64 -62 0
-64 -63 0
-65 -66 0
-65 -67 0
-66 -65 0
-66 -67 0
-67 -65 0
-67 -66 0
-68 -69 0
-69 -68 0
-70 -71 0
-70 -72 0
-71 -70 0
-71 -72 0
-72 -70 0
-72 -71 0
-73 -74 0
-73 -75 0
-74 -73 0
-74 -75 0
-75 -73 0
-75 -74 0
-76 -77 0
-77 -76 0
-78 0
-79 0
-80 0
-81 0
-82 0
44 39 36 0
52 38 0
55 35 46 0
58 78 50 42 0
62 37 53 45 0
66 81 49 0
68 40 60 0
70 43 64 56 0
73 47 67 59 0
76 51 63 0
54 72 0
57 75 69 0
61 77 71 0
65 74 0
-44 -39 0
-44 -36 0
-39 -44 0
-39 -36 0
-36 -44 0
-36 -39 0
-52 -38 0
-38 -52 0
-55 -35 0
-55 -46 0
-35 -55 0
-35 -46 0
-46 -55 0
-46 -35 0
-58 -50 0
-58 -42 0
-50 -58 0
-50 -42 0
-42 -58 0
-42 -50 0
-62 -37 0
-62 -53 0
-62 -45 0
-37 -62 0
-37 -53 0
-37 -45 0
-53 -62 0
-53 -37 0
-53 -45 0
-45 -62 0
-45 -37 0
-45 -53 0
-66 -49 0
-49 -66 0
-68 -40 0
-68 -60 0
-40 -68 0
-40 -60 0
-60 -68 0
-60 -40 0
-70 -43 0
-70 -64 0
-70 -56 0
-43 -70 0
-43 -64 0
-43 -56 0
-64 -70 0
-64 -43 0
-64 -56 0
-56 -70 0
-56 -43 0
-56 -64 0
-73 -47 0
-73 -67 0
-73 -59 0
-47 -73 0
-47 -67 0
-47 -59 0
-67 -73 0
-67 -47 0
-67 -59 0
-59 -73 0
-59 -47 0
-59 -67 0
-76 -51 0
-76 -63 0
-51 -76 0
-51 -63 0
-63 -76 0
-63 -51 0
-54 -72 0
-72 -54 0
-57 -75 0
-57 -69 0
-75 -57 0
-75 -69 0
-69 -57 0
-69 -75 0
-61 -77 0
-61 -71 0
-77 -61 0
-77 -71 0
-71 -61 0
-71 -77 0
-65 -74 0
-74 -65 0
-41 0
-80 0
-48 0
-82 0
-79 0
-35 -11 -7 0
-35 -12 -1 0
-36 -2 -7 0
-36 -8 -1 0
-37 -15 -3 0
-37 -16 -9 0
-38 -10 -3 0
-38 -4 -9 0
-39 -2 -3 0
-39 -8 -9 0
-40 -19 -12 0
-40 -20 -11 0
-42 -13 -12 0
-42 -14 -11 0
-43 -21 -14 0
-43 -22 -13 0
-44 -2 -14 0
-44 -8 -13 0
-45 -15 -14 0
-45 -16 -13 0
-46 -11 -14 0
-46 -12 -13 0
-47 -23 -16 0
-47 -24 -15 0
-49 -17 -16 0
-49 -18 -15 0
-50 -13 -16 0
-50 -14 -15 0
-51 -25 -18 0
-51 -26 -17 0
-52 -10 -18 0
-52 -4 -17 0
-53 -15 -18 0
-53 -16 -17 0
-54 -27 -20 0
-54 -28 -19 0
-55 -11 -20 0
-55 -12 -19 0
-56 -21 -20 0
-56 -22 -19 0
-57 -29 -22 0
-57 -30 -21 0
-58 -13 -22 0
-58 -14 -21 0
-59 -23 -22 0
-59 -24 -21 0
-60 -19 -22 0
-60 -20 -21 0
-61 -31 -24 0
-61 -32 -23 0
-62 -15 -24 0
-62 -16 -23 0
-63 -25 -24 0
-63 -26 -23 0
-64 -21 -24 0
-64 -22 -23 0
-65 -33 -26 0
-65 -34 -25 0
-66 -17 -26 0
-66 -18 -25 0
-67 -23 -26 0
-67 -24 -25 0
-68 -19 -28 0
-68 -20 -27 0
-69 -29 -28 0
-69 -30 -27 0
-70 -21 -30 0
-70 -22 -29 0
-71 -31 -30 0
-71 -32 -29 0
-72 -27 -30 0
-72 -28 -29 0
-73 -23 -32 0
-73 -24 -31 0
-74 -33 -32 0
-74 -34 -31 0
-75 -29 -32 0
-75 -30 -31 0
-76 -25 -34 0
-76 -26 -33 0
-77 -31 -34 0
-77 -32 -33 0
-35 -83 84 0
-35 -85 86 0
-35 -87 88 0
-35 -89 90 0
-35 -91 92 0
-35 -93 94 0
-35 -95 96 0
-35 -97 98 0
-35 -99 100 0
-35 -101 102 0
-35 -103 104 0
-35 -105 106 0
-35 -107 108 0
-35 -109 110 0
-35 -111 112 0
-35 -113 114 0
-36 -83 5 0
-36 -85 115 0
-36 -87 116 0
-36 -89 117 0
-36 -91 118 0
-36 -93 119 0
-36 -95 120 0
-36 -97 121 0
-36 -99 122 0
-36 -101 123 0
-36 -103 124 0
-36 -105 125 0
-36 -107 126 0
-36 -109 127 0
-36 -111 128 0
-36 -113 129 0
-78 -5 130 0
-78 -115 131 0
-78 -116 132 0
-78 -117 133 0
-78 -118 134 0
-78 -119 135 0
-78 -120 136 0
-78 -121 137 0
-78 -122 138 0
-78 -123 139 0
-78 -124 140 0
-78 -125 141 0
-78 -126 142 0
-78 -127 143 0
-78 -128 144 0
-78 -129 145 0
-37 -146 147 0
-37 -148 149 0
-37 -150 151 0
-37 -152 153 0
-37 -154 155 0
-37 -156 157 0
-37 -158 159 0
-37 -160 161 0
-37 -162 163 0
-37 -164 165 0
-37 -166 167 0
-37 -168 169 0
-37 -170 171 0
-37 -172 173 0
-37 -174 175 0
-37 -176 177 0
-38 -146 178 0
-38 -148 179 0
-38 -150 6 0
-38 -152 180 0
-38 -154 181 0
-38 -156 182 0
-38 -158 183 0
-38 -160 184 0
-38 -162 185 0
-38 -164 186 0
-38 -166 187 0
-38 -168 188 0
-38 -170 189 0
-38 -172 190 0
-38 -174 191 0
-38 -176 192 0
-39 -146 5 0
-39 -148 115 0
-39 -150 116 0
-39 -152 117 0
-39 -154 118 0
-39 -156 119 0
-39 -158 120 0
-39 -160 121 0
-39 -162 122 0
-39 -164 123 0
-39 -166 124 0
-39 -168 125 0
-39 -170 126 0
-39 -172 127 0
-39 -174 128 0
-39 -176 129 0
-81 -178 193 0
-81 -179 194 0
-81 -6 195 0
-81 -180 196 0
-81 -181 197 0
-81 -182 198 0
-81 -183 199 0
-81 -184 200 0
-81 -185 201 0
-81 -186 202 0
-81 -187 203 0
-81 -188 204 0
-81 -189 205 0
-81 -190 206 0
-81 -191 207 0
-81 -192 208 0
-40 -84 209 0
-40 -86 210 0
-40 -88 211 0
-40 -90 212 0
-40 -92 213 0
-40 -94 214 0
-40 -96 215 0
-40 -98 216 0
-40 -100 217 0
-40 -102 218 0
-40 -104 219 0
-40 -106 220 0
-40 -108 221 0
-40 -110 222 0
-40 -112 223 0
-40 -114 224 0
-42 -84 130 0
-42 -86 131 0
-42 -88 132 0
-42 -90 133 0
-42 -92 134 0
-42 -94 135 0
-42 -96 136 0
-42 -98 137 0
-42 -100 138 0
-42 -102 139 0
-42 -104 140 0
-42 -106 141 0
-42 -108 142 0
-42 -110 143 0
-42 -112 144 0
-42 -114 145 0
-43 -130 225 0
-43 -131 226 0
-43 -132 227 0
-43 -133 228 0
-43 -134 229 0
-43 -135 230 0
-43 -136 231 0
-43 -137 232 0
-43 -138 233 0
-43 -139 234 0
-43 -140 235 0
-43 -141 236 0
-43 -142 237 0
-43 -143 238 0
-43 -144 239 0
-43 -145 240 0
-44 -130 5 0
-44 -131 115 0
-44 -132 116 0
-44 -133 117 0
-44 -134 118 0
-44 -135 119 0
-44 -136 120 0
-44 -137 121 0
-44 -138 122 0
-44 -139 123 0
-44 -140 124 0
-44 -141 125 0
-44 -142 126 0
-44 -143 127 0
-44 -144 128 0
-44 -145 129 0
-45 -130 147 0
-45 -131 149 0
-45 -132 151 0
-45 -133 153 0
-45 -134 155 0
-45 -135 157 0
-45 -136 159 0
-45 -137 161 0
-45 -138 163 0
-45 -139 165 0
-45 -140 167 0
-45 -141 169 0
-45 -142 171 0
-45 -143 173 0
-45 -144 175 0
-45 -145 177 0
-46 -130 84 0
-46 -131 86 0
-46 -132 88 0
-46 -133 90 0
-46 -134 92 0
-46 -135 94 0
-46 -136 96 0
-46 -137 98 0
-46 -138 100 0
-46 -139 102 0
-46 -140 104 0
-46 -141 106 0
-46 -142 108 0
-46 -143 110 0
-46 -144 112 0
-46 -145 114 0
-47 -147 241 0
-47 -149 242 0
-47 -151 243 0
-47 -153 244 0
-47 -155 245 0
-47 -157 246 0
-47 -159 247 0
-47 -161 248 0
-47 -163 249 0
-47 -165 250 0
-47 -167 251 0
-47 -169 252 0
-47 -171 253 0
-47 -173 254 0
-47 -175 255 0
-47 -177 256 0
-49 -147 193 0
-49 -149 194 0
-49 -151 195 0
-49 -153 196 0
-49 -155 197 0
-49 -157 198 0
-49 -159 199 0
-49 -161 200 0
-49 -163 201 0
-49 -165 202 0
-49 -167 203 0
-49 -169 204 0
-49 -171 205 0
-49 -173 206 0
-49 -175 207 0
-49 -177 208 0
-50 -147 130 0
-50 -149 131 0
-50 -151 132 0
-50 -153 133 0
-50 -155 134 0
-50 -157 135 0
-50 -159 136 0
-50 -161 137 0
-50 -163 138 0
-50 -165 139 0
-50 -167 140 0
-50 -169 141 0
-50 -171 142 0
-50 -173 143 0
-50 -175 144 0
-50 -177 145 0
-51 -193 257 0
-51 -194 258 0
-51 -195 259 0
-51 -196 260 0
-51 -197 261 0
-51 -198 262 0
-51 -199 263 0
-51 -200 264 0
-51 -201 265 0
-51 -202 266 0
-51 -203 267 0
-51 -204 268 0
-51 -205 269 0
-51 -206 270 0
-51 -207 271 0
-51 -208 272 0
-52 -193 178 0
-52 -194 179 0
-52 -195 6 0
-52 -196 180 0
-52 -197 181 0
-52 -198 182 0
-52 -199 183 0
-52 -200 184 0
-52 -201 185 0
-52 -202 186 0
-52 -203 187 0
-52 -204 188 0
-52 -205 189 0
-52 -206 190 0
-52 -207 191 0
-52 -208 192 0
-53 -193 147 0
-53 -194 149 0
-53 -195 151 0
-53 -196 153 0
-53 -197 155 0
-53 -198 157 0
-53 -199 159 0
-53 -200 161 0
-53 -201 163 0
-53 -202 165 0
-53 -203 167 0
-53 -204 169 0
-53 -205 171 0
-53 -206 173 0
-53 -207 175 0
-53 -208 177 0
-54 -209 273 0
-54 -210 274 0
-54 -211 275 0
-54 -212 276 0
-54 -213 277 0
-54 -214 278 0
-54 -215 279 0
-54 -216 280 0
-54 -217 281 0
-54 -218 282 0
-54 -219 283 0
-54 -220 284 0
-54 -221 285 0
-54 -222 286 0
-54 -223 287 0
-54 -224 288 0
-55 -209 84 0
-55 -210 86 0
-55 -211 88 0
-55 -212 90 0
-55 -213 92 0
-55 -214 94 0
-55 -215 96 0
-55 -216 98 0
-55 -217 100 0
-55 -218 102 0
-55 -219 104 0
-55 -220 106 0
-55 -221 108 0
-55 -222 110 0
-55 -223 112 0
-55 -224 114 0
-56 -209 225 0
-56 -210 226 0
-56 -211 227 0
-56 -212 228 0
-56 -213 229 0
-56 -214 230 0
-56 -215 231 0
-56 -216 232 0
-56 -217 233 0
-56 -218 234 0
-56 -219 235 0
-56 -220 236 0
-56 -221 237 0
-56 -222 238 0
-56 -223 239 0
-56 -224 240 0
-57 -225 289 0
-57 -226 290 0
-57 -227 291 0
-57 -228 292 0
-57 -229 293 0
-57 -230 294 0
-57 -231 295 0
-57 -232 296 0
-57 -233 297 0
-57 -234 298 0
-57 -235 299 0
-57 -236 300 0
-57 -237 301 0
-57 -238 302 0
-57 -239 303 0
-57 -240 304 0
-58 -225 130 0
-58 -226 131 0
-58 -227 132 0
-58 -228 133 0
-58 -229 134 0
-58 -230 135 0
-58 -231 136 0
-58 -232 137 0
-58 -233 138 0
-58 -234 139 0
-58 -235 140 0
-58 -236 141 0
-58 -237 142 0
-58 -238 143 0
-58 -239 144 0
-58 -240 145 0
-59 -225 241 0
-59 -226 242 0
-59 -227 243 0
-59 -228 244 0
-59 -229 245 0
-59 -230 246 0
-59 -231 247 0
-59 -232 248 0
-59 -233 249 0
-59 -234 250 0
-59 -235 251 0
-59 -236 252 0
-59 -237 253 0
-59 -238 254 0
-59 -239 255 0
-59 -240 256 0
-60 -225 209 0
-60 -226 210 0
-60 -227 211 0
-60 -228 212 0
-60 -229 213 0
-60 -230 214 0
-60 -231 215 0
-60 -232 216 0
-60 -233 217 0
-60 -234 218 0
-60 -235 219 0
-60 -236 220 0
-60 -237 221 0
-60 -238 222 0
-60 -239 223 0
-60 -240 224 0
-61 -241 305 0
-61 -242 306 0
-61 -243 307 0
-61 -244 308 0
-61 -245 309 0
-61 -246 310 0
-61 -247 311 0
-61 -248 312 0
-61 -249 313 0
-61 -250 314 0
-61 -251 315 0
-61 -252 316 0
-61 -253 317 0
-61 -254 318 0
-61 -255 319 0
-61 -256 320 0
-62 -241 147 0
-62 -242 149 0
-62 -243 151 0
-62 -244 153 0
-62 -245 155 0
-62 -246 157 0
-62 -247 159 0
-62 -248 161 0
-62 -249 163 0
-62 -250 165 0
-62 -251 167 0
-62 -252 169 0
-62 -253 171 0
-62 -254 173 0
-62 -255 175 0
-62 -256 177 0
-63 -241 257 0
-63 -242 258 0
-63 -243 259 0
-63 -244 260 0
-63 -245 261 0
-63 -246 262 0
-63 -247 263 0
-63 -248 264 0
-63 -249 265 0
-63 -250 266 0
-63 -251 267 0
-63 -252 268 0
-63 -253 269 0
-63 -254 270 0
-63 -255 271 0
-63 -256 272 0
-64 -241 225 0
-64 -242 226 0
-64 -243 227 0
-64 -244 228 0
-64 -245 229 0
-64 -246 230 0
-64 -247 231 0
-64 -248 232 0
-64 -249 233 0
-64 -250 234 0
-64 -251 235 0
-64 -252 236 0
-64 -253 237 0
-64 -254 238 0
-64 -255 239 0
-64 -256 240 0
-65 -257 321 0
-65 -258 322 0
-65 -259 323 0
-65 -260 324 0
-65 -261 325 0
-65 -262 326 0
-65 -263 327 0
-65 -264 328 0
-65 -265 329 0
-65 -266 330 0
-65 -267 331 0
-65 -268 332 0
-65 -269 333 0
-65 -270 334 0
-65 -271 335 0
-65 -272 336 0
-66 -257 193 0
-66 -258 194 0
-66 -259 195 0
-66 -260 196 0
-66 -261 197 0
-66 -262 198 0
-66 -263 199 0
-66 -264 200 0
-66 -265 201 0
-66 -266 202 0
-66 -267 203 0
-66 -268 204 0
-66 -269 205 0
-66 -270 206 0
-66 -271 207 0
-66 -272 208 0
-67 -257 241 0
-67 -258 242 0
-67 -259 243 0
-67 -260 244 0
-67 -261 245 0
-67 -262 246 0
-67 -263 247 0
-67 -264 248 0
-67 -265 249 0
-67 -266 250 0
-67 -267 251 0
-67 -268 252 0
-67 -269 253 0
-67 -270 254 0
-67 -271 255 0
-67 -272 256 0
-68 -273 209 0
-68 -274 210 0
-68 -275 211 0
-68 -276 212 0
-68 -277 213 0
-68 -278 214 0
-68 -279 215 0
-68 -280 216 0
-68 -281 217 0
-68 -282 218 0
-68 -283 219 0
-68 -284 220 0
-68 -285 221 0
-68 -286 222 0
-68 -287 223 0
-68 -288 224 0
-69 -273 289 0
-69 -274 290 0
-69 -275 291 0
-69 -276 292 0
-69 -277 293 0
-69 -278 294 0
-69 -279 295 0
-69 -280 296 0
-69 -281 297 0
-69 -282 298 0
-69 -283 299 0
-69 -284 300 0
-69 -285 301 0
-69 -286 302 0
-69 -287 303 0
-69 -288 304 0
-70 -289 225 0
-70 -290 226 0
-70 -291 227 0
-70 -292 228 0
-70 -293 229 0
-70 -294 230 0
-70 -295 231 0
-70 -296 232 0
-70 -297 233 0
-70 -298 234 0
-70 -299 235 0
-70 -300 236 0
-70 -301 237 0
-70 -302 238 0
-70 -303 239 0
-70 -304 240 0
-71 -289 305 0
-71 -290 306 0
-71 -291 307 0
-71 -292 308 0
-71 -293 309 0
-71 -294 310 0
-71 -295 311 0
-71 -296 312 0
-71 -297 313 0
-71 -298 314 0
-71 -299 315 0
-71 -300 316 0
-71 -301 317 0
-71 -302 318 0
-71 -303 319 0
-71 -304 320 0
-72 -289 273 0
-72 -290 274 0
-72 -291 275 0
-72 -292 276 0
-72 -293 277 0
-72 -294 278 0
-72 -295 279 0
-72 -296 280 0
-72 -297 281 0
-72 -298 282 0
-72 -299 283 0
-72 -300 284 0
-72 -301 285 0
-72 -302 286 0
-72 -303 287 0
-72 -304 288 0
-73 -305 241 0
-73 -306 242 0
-73 -307 243 0
-73 -308 244 0
-73 -309 245 0
-73 -310 246 0
-73 -311 247 0
-73 -312 248 0
-73 -313 249 0
-73 -314 250 0
-73 -315 251 0
-73 -316 252 0
-73 -317 253 0
-73 -318 254 0
-73 -319 255 0
-73 -320 256 0
-74 -305 321 0
-74 -306 322 0
-74 -307 323 0
-74 -308 324 0
-74 -309 325 0
-74 -310 326 0
-74 -311 327 0
-74 -312 328 0
-74 -313 329 0
-74 -314 330 0
-74 -315 331 0
-74 -316 332 0
-74 -317 333 0
-74 -318 334 0
-74 -319 335 0
-74 -320 336 0
-75 -305 289 0
-75 -306 290 0
-75 -307 291 0
-75 -308 292 0
-75 -309 293 0
-75 -310 294 0
-75 -311 295 0
-75 -312 296 0
-75 -313 297 0
-75 -314 298 0
-75 -315 299 0
-75 -316 300 0
-75 -317 301 0
-75 -318 302 0
-75 -319 303 0
-75 -320 304 0
-76 -321 257 0
-76 -322 258 0
-76 -323 259 0
-76 -324 260 0
-76 -325 261 0
-76 -326 262 0
-76 -327 263 0
-76 -328 264 0
-76 -329 265 0
-76 -330 266 0
-76 -331 267 0
-76 -332 268 0
-76 -333 269 0
-76 -334 270 0
-76 -335 271 0
-76 -336 272 0
-77 -321 305 0
-77 -322 306 0
-77 -323 307 0
-77 -324 308 0
-77 -325 309 0
-77 -326 310 0
-77 -327 311 0
-77 -328 312 0
-77 -329 313 0
-77 -330 314 0
-77 -331 315 0
-77 -332 316 0
-77 -333 317 0
-77 -334 318 0
-77 -335 319 0
-77 -336 320 0
83 0
115 0
150 0
180 0
92 0
135 0
159 0
200 0
217 0
234 0
251 0
268 0
285 0
302 0
319 0
336 0
-35 -91 0
-36 -85 0
-37 -158 0
-38 -152 0
-39 -148 0
-40 -100 0
-41 -84 0
-42 -94 0
-43 -139 0
-44 -131 0
-45 -136 0
-46 -134 0
-47 -167 0
-48 -151 0
-49 -161 0
-50 -157 0
-51 -204 0
-52 -196 0
-53 -199 0
-54 -221 0
-55 -213 0
-56 -218 0
-57 -238 0
-58 -230 0
-59 -235 0
-60 -233 0
-61 -255 0
-62 -247 0
-63 -252 0
-64 -250 0
-65 -272 0
-66 -264 0
-67 -267 0
-68 -281 0
-69 -286 0
-70 -298 0
-71 -303 0
-72 -301 0
-73 -315 0
-74 -320 0
-75 -318 0
-76 -332 0
-77 -335 0
